14008629
14009455
14321548
14001233
14009064
14009072
14009056
14321483
14007290
14325055
14008157
14008190
14352656
14353652
14328011
14327619
14009498
14009463
14008637
14322501
14008653
14321947
14328216
14001268
14321114
14320550
14322943
14331608
14332604
14001217
14324431
14002167
14008645
14324024
14009560
14008610
14008556
14001578
14007282
14321491
14007185
14324407
14008165
14008114
14360667
14006677
14321130
14008122
14320606
14324792
14324806
14328020
14327813
14008220
14008149
14324822
14324830
14009552
14009544
14008548
14007177
14002191
14007304
14007193
14009579
14321092
14320533
14001284
14321084
14324423
14002086
14321106
14002159
14321408
14321076
14325047
14000962
14007169
14320541
14008238
14324415
14009102
14320592
14324784
14324741
14324717
14321513
14322811
14322951
14009110
14322960
14008181
14008130
14324954
14324768
14008106
14009447
14009471
14009480
14008416
14008424
14324725
14324814
14009536
14009510
14009528
14009080
14365669
14321955
14007673
14328402
14009749
14008564
14321521
14002205
14008521
14324776
14008505
14324750
14008394
14008408
14009595
14009587
14008173
14324849
14007398
14001241
14007380
14007410
14007355
14325039
14006731
14007401
14007150
14007339
14320576
14000636
14007142
14007134
14365650
14007347
14007428
